3.38 3.67
1.79 2.31
2.28 2.89
1.42 1.71
3.79 4.52
2.77 3.26
3.13 3.6
1.39 2.01
2.83 3.35
1.42 1.71
1.88 2.43
2.79 3.76
4.01 5.56
3.85 4.43
3.79 4.52
1.79 2.31
4.09 4.72
0.29 0.43
0.45 0.59
1.60 1.96
0.29 0.43
0.29 0.43
0.29 0.43
2.52 3.49
2.38 2.62
3.24 3.47
3.52 4.2
0.45 0.59
1.39 2.01
2.77 3.26
6.49 7.07
5.38 5.66
2.52 3.49
4.75 5.44
1.60 2.31
7.34 9.4
1.78 2.44
7.08 8.23
1.29 1.86
2.79 3.76
1.95 2.21
7.34 9.4
4.01 5.56
3.80 4.79
1.12 1.54
0.56 0.54
0.29 0.43
1.51 2.07
1.79 2.66
4.64 5.05
3.52 4.2
3.32 4.48
3.51 4.12
3.52 4.2
3.51 4.12
0.45 0.59
3.73 4.5
0.65 1.29
3.13 3.6
7.08 8.23
1.79 2.31
0.29 0.43
3.85 4.43
4.09 4.72
5.75 7.61
3.38 3.95
3.79 4.52
0.45 0.59
4.69 4.98
2.80 3.22
4.01 5.56
0.45 0.59
3.45 4.48
4.83 5.45
1.60 1.96
0.29 0.43
2.28 2.89
5.77 6.55
3.38 3.95
1.88 2.43
0.29 0.43
0.56 0.54
0.29 0.43
1.79 2.66
3.80 4.79
3.52 4.2
3.51 4.12
1.88 2.43
1.89 2.26
7.08 8.23
0.29 0.43
6.63 7.75
0.29 0.43
1.60 1.96
3.45 4.48
4.75 5.44
1.88 2.43
4.83 5.45
0.29 0.43
3.45 4.48
1.60 2.31
3.83 4.31
5.74 5.72
1.12 1.54
3.73 4.5
3.73 4.5
4.69 4.98
4.75 5.44
1.88 2.43
4.75 5.44
2.65 3.64
3.52 4.2
0.29 0.43
2.82 3.6
2.52 3.49
0.29 0.43
6.63 7.75
4.75 5.44
1.60 1.96
0.29 0.43
3.52 4.2
0.29 0.43
3.79 4.52
3.24 3.47
0.29 0.43
6.49 7.07
0.29 0.43
3.80 4.79
2.82 3.6
1.02 1.21
1.72 2.5
7.08 8.23
0.29 0.43
4.76 5.74
4.75 5.44
4.75 5.44
2.64 3.09
3.85 4.43
2.38 2.62
1.51 1.81
0.29 0.43
4.09 4.72
1.67 1.85
2.41 2.94
5.74 5.72
6.63 7.75
0.29 0.43
0.29 0.43
6.43 7.68
1.62 2.01
0.29 0.43
2.52 3.49
1.60 2.31
4.75 5.44
1.51 1.81
4.09 4.72
4.76 5.74
1.62 2.01
0.29 0.43
4.73 5.88
4.64 5.05
7.08 8.23
0.29 0.43
1.78 2.44
2.82 3.6
1.89 2.26
2.64 3.09
4.76 5.74
2.51 2.97
3.32 4.48
2.28 2.89
3.51 4.12
0.56 0.54
3.85 4.43
3.39 3.97
3.39 3.97
1.67 1.85
3.13 3.6
1.60 2.31
3.13 3.98
1.67 1.85
1.60 2.31
3.80 4.79
0.29 0.43
2.79 3.76
6.43 7.68
2.65 3.64
0.29 0.43
0.45 0.59
0.29 0.43
1.29 1.86
7.34 9.4
1.72 2.5
4.09 4.72
1.12 1.54
3.13 3.98
5.74 5.72
1.60 1.96
7.34 9.4
0.45 0.59
0.29 0.43
3.80 4.79
4.75 5.44
2.52 3.49
3.52 4.2
3.52 4.2
1.51 2.07
4.75 5.44
2.28 2.89
0.29 0.43
3.80 4.79
3.13 3.98
4.83 5.45
2.41 2.94
3.38 3.95
2.51 2.97
6.63 7.75
2.65 3.64
2.26 2.87
2.77 3.26
3.52 4.2
5.74 5.72
1.60 1.96
2.52 3.49
7.08 8.23
4.75 5.44
1.51 1.81
0.29 0.43
3.52 4.2
5.93 5.57
6.63 7.75
2.77 3.26
? 7.01
5.74 5.72
2.79 3.76
2.64 3.09
0.29 0.43
1.51 2.07
6.63 7.75
1.51 2.07
1.12 1.54
6.63 7.75
2.65 3.64
3.33 3.74
1.29 1.86
3.80 4.79
4.46 5.39
1.42 1.71
3.51 4.12
7.08 8.23
6.49 7.07
1.60 2.31
1.62 2.01
5.75 7.61
4.09 4.72
1.39 2.01
2.38 2.62
4.46 5.39
1.72 2.5
0.29 0.43
1.60 2.31
1.60 1.96
7.08 8.23
2.52 3.49
3.80 4.79
2.80 3.22
3.45 4.48
3.45 4.48
0.29 0.43
3.85 4.43
1.95 2.21
4.76 5.74
3.13 3.6
1.60 2.31
3.24 3.47
2.80 3.22
2.52 3.49
? 7.01
4.64 5.05
3.24 3.47
0.29 0.43
3.80 4.79
4.01 5.56
1.78 2.44
0.29 0.43
3.83 4.31
1.51 1.81
? 7.01
1.25 1.44
1.39 2.01
1.60 2.31
3.33 3.74
3.45 4.48
3.83 4.31
0.29 0.43
0.29 0.43
0.29 0.43
0.65 1.29
3.13 3.98
3.39 3.97
1.12 1.54
2.77 3.26
1.60 2.31
6.63 7.75
6.63 7.75
1.29 1.86
4.46 5.39
6.49 7.07
2.53 3.56
0.29 0.43
1.60 2.31
1.72 2.5
1.42 1.71
1.29 1.86
1.42 1.71
2.52 3.49
0.29 0.43
1.29 1.86
3.52 4.2
1.60 1.96
0.56 0.54
1.88 2.43
7.34 9.4
3.80 4.79
2.82 3.6
6.63 7.75
1.12 1.54
5.77 6.55
     loan_id  loan_amount  ...  average_crime_95_96  average_unemployment_95_96_rate
0       5314        96396  ...               2894.5                            3.525
1       5316       165960  ...               2736.0                            2.050
2       6863       127080  ...               2101.0                            2.585
3       5325       105804  ...               6449.5                            1.565
4       7240       274740  ...               1511.0                            4.155
..       ...          ...  ...                  ...                              ...
323     6818       155616  ...               9440.0                            4.295
324     5625       222180  ...                853.0                            3.210
325     6805        45024  ...               9993.0                            7.190
326     7233       115812  ...               1893.5                            1.330
327     7308       129408  ...               3161.5                            6.160

[328 rows x 10 columns]
